=== FIRST 256 BYTES OF CANDIDATE A ===
 7b 22 24 73 63 68 65 6d 61 22 3a 22 68 74 74 70
 73 3a 2f 2f 6a 73 6f 6e 2d 73 63 68 65 6d 61 2e
 6f 72 67 2f 64 72 61 66 74 2f 30 37 2f 73 63 68
 65 6d 61 22 2c 22 64 65 73 63 72 69 70 74 69 6f
 6e 22 3a 22 45 69 67 68 74 20 70 69 6c 6c 61 72
 73 20 6f 66 20 6c 61 77 66 75 6c 20 6d 61 63 68
 69 6e 65 20 67 6f 76 65 72 6e 61 6e 63 65 2e 20
 4e 6f 20 68 69 64 64 65 6e 20 6e 6f 6e 64 65 74
 65 72 6d 69 6e 69 73 6d 2e 20 4e 6f 20 61 6d 62
 69 65 6e 74 20 74 69 6d 65 2e 20 4e 6f 20 6f 62
 73 65 72 76 65 72 2d 64 65 70 65 6e 64 65 6e 74
 20 65 78 65 63 75 74 69 6f 6e 2e 22 2c 22 69 6d
 6d 75 74 61 62 6c 65 22 3a 74 72 75 65 2c 22 70
 69 6c 6c 61 72 73 22 3a 7b 22 31 5f 6c 6f 67 69
 63 61 6c 5f 74 69 6d 65 22 3a 7b 22 64 65 73 63
 72 69 70 74 69 6f 6e 22 3a 22 4e 6f 20 61 6d 62

=== FIRST 256 BYTES OF CANDIDATE B ===
 7b 22 24 73 63 68 65 6d 61 22 3a 22 68 74 74 70
 73 3a 2f 2f 6a 73 6f 6e 2d 73 63 68 65 6d 61 2e
 6f 72 67 2f 64 72 61 66 74 2f 30 37 2f 73 63 68
 65 6d 61 22 2c 22 74 69 74 6c 65 22 3a 22 52 65
 70 6c 61 79 43 6f 6e 73 74 69 74 75 74 69 6f 6e
 56 31 22 2c 22 64 65 73 63 72 69 70 74 69 6f 6e
 22 3a 22 45 69 67 68 74 20 70 69 6c 6c 61 72 73
 20 6f 66 20 6c 61 77 66 75 6c 20 6d 61 63 68 69
 6e 65 20 67 6f 76 65 72 6e 61 6e 63 65 2e 20 4e
 6f 20 68 69 64 64 65 6e 20 6e 6f 6e 64 65 74 65
 72 6d 69 6e 69 73 6d 2e 20 4e 6f 20 61 6d 62 69
 65 6e 74 20 74 69 6d 65 2e 20 4e 6f 20 6f 62 73
 65 72 76 65 72 2d 64 65 70 65 6e 64 65 6e 74 20
 65 78 65 63 75 74 69 6f 6e 2e 22 2c 22 76 65 72
 73 69 6f 6e 22 3a 22 31 2e 30 2e 30 22 2c 22 69
 6d 6d 75 74 61 62 6c 65 22 3a 74 72 75 65 2c 22

=== FULL BYTE DIFF HEAD ===
  55 144 164
  56 145 151
  57 163 164
  58 143 154
  59 162 145
  60 151  42
  61 160  72
  62 164  42
  63 151 122
  64 157 145
  65 156 160
  66  42 154
  67  72 141
  68  42 171
  69 105 103
  70 151 157
  71 147 156
  72 150 163
  74  40 151
  75 160 164
  76 151 165
  77 154 164
  78 154 151
  79 141 157
  80 162 156
  81 163 126
  82  40  61
  83 157  42
  84 146  54
  85  40  42
  86 154 144
  87 141 145
  88 167 163
  89 146 143
  90 165 162
  91 154 151
  92  40 160
  93 155 164
  94 141 151
  95 143 157
  96 150 156
  97 151  42
  98 156  72
  99 145  42
 100  40 105
 101 147 151
 102 157 147
 103 166 150
 104 145 164
 105 162  40
 106 156 160
 107 141 151
 108 156 154
 109 143 154
 110 145 141
 111  56 162
 112  40 163
 113 116  40
 115  40 146
 116 150  40
 117 151 154
 118 144 141
 119 144 167
 120 145 146
 121 156 165
 122  40 154
 123 156  40
 124 157 155
 125 156 141
 126 144 143
 127 145 150
 128 164 151
 129 145 156
 130 162 145
 131 155  40
 132 151 147
 133 156 157
 134 151 166
 135 163 145
 136 155 162
 137  56 156
 138  40 141
 139 116 156
 140 157 143
 141  40 145
 142 141  56
 143 155  40
 144 142 116
 145 151 157
 146 145  40
 147 156 150
 148 164 151
 149  40 144
 150 164 144
 151 151 145
 152 155 156
 153 145  40
 154  56 156
 155  40 157
 156 116 156
